0 0.7520833333333333 0.9041666666666667 0.09166666666666666 0.19166666666666668
0 0.39375 0.9020833333333333 0.0875 0.19583333333333333
0 0.19166666666666668 0.9145833333333333 0.07916666666666666 0.17083333333333334
0 0.48125 0.8770833333333333 0.10416666666666667 0.18333333333333332
0 0.66875 0.90625 0.06666666666666667 0.1875
0 0.05 0.8979166666666667 0.09583333333333334 0.20416666666666666
0 0.5125 0.93125 0.16666666666666666 0.13333333333333333
0 0.9520833333333333 0.8875 0.05625 0.14583333333333334
0 0.3145833333333333 0.9041666666666667 0.14375 0.1875
0 0.9041666666666667 0.8958333333333334 0.04375 0.11666666666666667
0 0.8604166666666667 0.8729166666666667 0.041666666666666664 0.07916666666666666