0 0.675 0.8583333333333333 0.09583333333333334 0.2833333333333333
0 0.25416666666666665 0.8583333333333333 0.06666666666666667 0.23333333333333334
0 0.9729166666666667 0.8479166666666667 0.05416666666666667 0.175
0 0.8854166666666666 0.84375 0.06041666666666667 0.2125
0 0.8416666666666667 0.8479166666666667 0.041666666666666664 0.13333333333333333
0 0.1625 0.8875 0.06666666666666667 0.20416666666666666
0 0.3729166666666667 0.8708333333333333 0.07916666666666666 0.25
0 0.44583333333333336 0.8854166666666666 0.05 0.15625
0 0.50625 0.8666666666666667 0.06041666666666667 0.15833333333333333
0 0.75 0.8645833333333334 0.035416666666666666 0.15833333333333333
0 0.8020833333333334 0.8604166666666667 0.04583333333333333 0.1375