0 0.44583333333333336 0.8020833333333334 0.125 0.3958333333333333
0 0.1125 0.84375 0.11666666666666667 0.30833333333333335
0 0.5416666666666666 0.8020833333333334 0.0875 0.29583333333333334
0 0.275 0.8708333333333333 0.0625 0.25
0 0.3645833333333333 0.8729166666666667 0.06666666666666667 0.25
0 0.8645833333333334 0.8375 0.07083333333333333 0.21041666666666667
0 0.2125 0.875 0.07083333333333333 0.24583333333333332
0 0.9166666666666666 0.8541666666666666 0.05 0.14583333333333334
0 0.60625 0.8708333333333333 0.09583333333333334 0.25833333333333336
0 0.79375 0.8458333333333333 0.0625 0.2
0 0.7395833333333334 0.8416666666666667 0.05625 0.21458333333333332