0 0.49583333333333335 0.6375 0.4791666666666667 0.7229166666666667
0 0.9479166666666666 0.79375 0.1 0.2625
0 0.8416666666666667 0.7958333333333333 0.09166666666666666 0.2916666666666667
0 0.2520833333333333 0.8625 0.09375 0.26875
0 0.90625 0.60625 0.1875 0.6583333333333333
0 0.68125 0.81875 0.11875 0.3416666666666667
0 0.3229166666666667 0.875 0.058333333333333334 0.225
0 0.03125 0.8979166666666667 0.05416666666666667 0.13333333333333333
0 0.11041666666666666 0.89375 0.041666666666666664 0.15416666666666667
0 0.18333333333333332 0.8708333333333333 0.03958333333333333 0.16458333333333333
0 0.6958333333333333 0.8604166666666667 0.1 0.25625