0 0.8583333333333333 0.7541666666666667 0.2 0.49166666666666664
0 0.7166666666666667 0.7708333333333334 0.23333333333333334 0.4583333333333333
0 0.6166666666666667 0.8375 0.058333333333333334 0.19583333333333333
0 0.5104166666666666 0.85625 0.0875 0.2375
0 0.28125 0.8791666666666667 0.0875 0.24166666666666667
0 0.45 0.8666666666666667 0.05416666666666667 0.175
0 0.9354166666666667 0.7729166666666667 0.09583333333333334 0.45
0 0.03125 0.8958333333333334 0.05 0.19375
0 0.13333333333333333 0.9083333333333333 0.05 0.18125
0 0.18333333333333332 0.8979166666666667 0.03125 0.14166666666666666
0 0.21875 0.89375 0.041666666666666664 0.16458333333333333