0 0.16875 0.5854166666666667 0.2708333333333333 0.8291666666666667
0 0.94375 0.5333333333333333 0.11041666666666666 0.41458333333333336
0 0.8229166666666666 0.58125 0.1 0.3125
0 0.6520833333333333 0.5895833333333333 0.058333333333333334 0.16666666666666666
0 0.44583333333333336 0.6125 0.06666666666666667 0.20416666666666666
0 0.4083333333333333 0.6125 0.041666666666666664 0.15833333333333333
0 0.05 0.5645833333333333 0.1 0.8208333333333333
0 0.7416666666666667 0.5770833333333333 0.04583333333333333 0.1875
0 0.3770833333333333 0.6145833333333334 0.05 0.1375
0 0.6020833333333333 0.6020833333333333 0.03333333333333333 0.13958333333333334
0 0.7145833333333333 0.59375 0.0375 0.15