0 0.09166666666666666 0.6208333333333333 0.0875 0.25
0 0.23125 0.6291666666666667 0.05 0.14583333333333334
0 0.725 0.5666666666666667 0.075 0.17916666666666667
0 0.9083333333333333 0.5166666666666667 0.175 0.5208333333333334
0 0.2791666666666667 0.6041666666666666 0.05416666666666667 0.18333333333333332
0 0.4375 0.5770833333333333 0.058333333333333334 0.14166666666666666
0 0.6625 0.5666666666666667 0.05 0.175
0 0.5145833333333333 0.5770833333333333 0.08958333333333333 0.25833333333333336
0 0.35833333333333334 0.58125 0.05416666666666667 0.13333333333333333
0 0.5916666666666667 0.55625 0.09166666666666666 0.21041666666666667
0 0.8166666666666667 0.5604166666666667 0.04375 0.13125
0 0.18333333333333332 0.64375 0.05 0.1125