0 0.8833333333333333 0.5333333333333333 0.23333333333333334 0.9333333333333333
0 0.26666666666666666 0.6041666666666666 0.07083333333333333 0.2375
0 0.7604166666666666 0.5895833333333333 0.09166666666666666 0.26666666666666666
0 0.17291666666666666 0.5916666666666667 0.1125 0.35833333333333334
0 0.03958333333333333 0.6 0.075 0.39375
0 0.49583333333333335 0.6083333333333333 0.0625 0.2125
0 0.5625 0.5854166666666667 0.05625 0.21041666666666667
0 0.39791666666666664 0.60625 0.08125 0.21041666666666667
0 0.65 0.5958333333333333 0.03125 0.13125
0 0.6958333333333333 0.5895833333333333 0.04583333333333333 0.17291666666666666
0 0.075 0.6708333333333333 0.07708333333333334 0.18125