0 0.18125 0.6458333333333334 0.0875 0.24166666666666667
0 0.3541666666666667 0.6541666666666667 0.0875 0.25833333333333336
0 0.7979166666666667 0.6625 0.10416666666666667 0.32083333333333336
0 0.9 0.6854166666666667 0.09166666666666666 0.3125
0 0.49583333333333335 0.6625 0.08333333333333333 0.32083333333333336
0 0.09166666666666666 0.625 0.08333333333333333 0.22083333333333333
0 0.975 0.6916666666666667 0.05 0.21666666666666667
0 0.56875 0.6479166666666667 0.0875 0.2833333333333333
0 0.4166666666666667 0.675 0.04375 0.19583333333333333
0 0.30416666666666664 0.6583333333333333 0.04375 0.18958333333333333
0 0.65 0.6708333333333333 0.04791666666666667 0.1875
0 0.7104166666666667 0.6895833333333333 0.052083333333333336 0.175