0 0.27291666666666664 0.6541666666666667 0.10416666666666667 0.2875
0 0.9354166666666667 0.6979166666666666 0.08541666666666667 0.275
0 0.5458333333333333 0.6645833333333333 0.08333333333333333 0.25833333333333336
0 0.8166666666666667 0.6916666666666667 0.07083333333333333 0.22083333333333333
0 0.33541666666666664 0.6625 0.0625 0.19166666666666668
0 0.9270833333333334 0.4125 0.14583333333333334 0.575
0 0.7270833333333333 0.6791666666666667 0.08125 0.24166666666666667
0 0.05 0.63125 0.1 0.3458333333333333
0 0.4583333333333333 0.6645833333333333 0.06875 0.25833333333333336
0 0.6458333333333334 0.68125 0.06041666666666667 0.18125
0 0.40208333333333335 0.6833333333333333 0.03958333333333333 0.16875