0 0.08333333333333333 0.6416666666666667 0.16666666666666666 0.7125
0 0.21458333333333332 0.6145833333333334 0.24166666666666667 0.7666666666666667
0 0.4375 0.6479166666666667 0.09166666666666666 0.2791666666666667
0 0.7291666666666666 0.6479166666666667 0.2125 0.6458333333333334
0 0.8708333333333333 0.6833333333333333 0.15833333333333333 0.5125
0 0.28125 0.66875 0.06041666666666667 0.18333333333333332
0 0.35625 0.6541666666666667 0.058333333333333334 0.24166666666666667
0 0.5125 0.6833333333333333 0.041666666666666664 0.18333333333333332
0 0.5520833333333334 0.6666666666666666 0.04791666666666667 0.20625
0 0.95 0.7291666666666666 0.08125 0.36875
0 0.23333333333333334 0.44166666666666665 0.18333333333333332 0.3958333333333333
0 0.45416666666666666 0.68125 0.04791666666666667 0.19583333333333333