0 0.55 0.5166666666666667 0.09583333333333334 0.3125
0 0.04791666666666667 0.51875 0.075 0.24166666666666667
0 0.81875 0.5166666666666667 0.09166666666666666 0.3
0 0.3020833333333333 0.51875 0.07916666666666666 0.23333333333333334
0 0.2 0.5354166666666667 0.07916666666666666 0.25
0 0.6395833333333333 0.5333333333333333 0.05416666666666667 0.17083333333333334
0 0.7270833333333333 0.5208333333333334 0.09583333333333334 0.2833333333333333
0 0.8833333333333333 0.55625 0.05416666666666667 0.21666666666666667
0 0.36666666666666664 0.5395833333333333 0.04583333333333333 0.16875
0 0.46875 0.5270833333333333 0.05416666666666667 0.21041666666666667
0 0.9520833333333333 0.5416666666666666 0.058333333333333334 0.18541666666666667