0 0.96875 0.5708333333333333 0.0625 0.24166666666666667
0 0.26666666666666666 0.5041666666666667 0.1125 0.375
0 0.81875 0.54375 0.1 0.3
0 0.34791666666666665 0.50625 0.10833333333333334 0.36666666666666664
0 0.14375 0.49583333333333335 0.058333333333333334 0.20833333333333334
0 0.9083333333333333 0.5458333333333333 0.05625 0.24166666666666667
0 0.7479166666666667 0.5375 0.06041666666666667 0.16458333333333333
0 0.42916666666666664 0.5354166666666667 0.052083333333333336 0.15
0 0.48125 0.5208333333333334 0.041666666666666664 0.17083333333333334
0 0.5229166666666667 0.53125 0.029166666666666667 0.125
0 0.55 0.5270833333333333 0.025 0.12083333333333333