0 0.6020833333333333 0.7395833333333334 0.12916666666666668 0.39166666666666666
0 0.5041666666666667 0.6916666666666667 0.10833333333333334 0.4
0 0.8333333333333334 0.8479166666666667 0.20833333333333334 0.30416666666666664
0 0.3104166666666667 0.7770833333333333 0.23333333333333334 0.31666666666666665
0 0.07916666666666666 0.6 0.15833333333333333 0.3729166666666667
0 0.075 0.5854166666666667 0.11875 0.33125
0 0.21041666666666667 0.6666666666666666 0.07291666666666667 0.2375
0 0.3541666666666667 0.625 0.14375 0.30416666666666664
0 0.3 0.5375 0.10416666666666667 0.15208333333333332
0 0.78125 0.7541666666666667 0.10416666666666667 0.14166666666666666
0 0.8666666666666667 0.6708333333333333 0.075 0.1375